5
12
1024 1 2 4 8 512 1 64 128 256 32 16
12
1024 1 2 4 8 512 4096 64 128 256 32 16
12
1024 1 2 4 8 512 2048 64 128 256 32 16
69
1 1 512 1 1 1 1 1 1 1 1 1 1 128 1 1 1 1 1 1 1 1 1 1 1 64 1 1 1 1 1 1 1 1 1 1 1 1 1 1 1 1 1 1 1 1 1 1 1 1 1 1024 1 1 1 1 1 1 1 1 1 1 1 1 1 1 1 1 256
64
1 1 512 1 4 2 2 1 128 1 1 1 1 1 1 1 1 1 1 1 64 1 1 1 1 1 1 1 1 1 1 1 1 1 1 1 1 1 1 1 1 1 1 1 1 1 1024 1 1 1 1 1 1 1 1 1 1 1 1 1 1 1 1 256
100
32 32 32 32 32 32 32 32 32 32 32 32 32 32 32 32 32 32 32 32 32 32 32 32 32 32 32 32 32 32 32 32 32 32 32 32 32 32 32 32 32 32 32 32 32 32 32 32 32 32 32 32 32 32 32 32 32 32 32 32 32 32 32 32 32 32 32 32 32 32 32 32 32 32 32 32 32 32 32 32 32 32 32 32 32 32 32 32 32 32 32 32 32 32 32 32 32 32 32 32
4
1024 512 64 512
1
2048
3
64 512 2
2
4096 4
7
2048 2 2048 2048 2048 2048 2048
2
2048 4096