7 8
0 0 0 0 0 0 1 1
1 1 0 0 0 0 1 1
1 1 0 0 0 0 0 0
1 1 0 0 0 1 1 0
0 0 0 0 0 1 1 0
0 0 0 0 0 0 0 0
1 1 1 1 1 1 1 1

7 8
0 0 0 1 1 0 0 0
0 0 0 1 1 0 0 0
1 1 0 0 0 0 1 1
1 1 0 0 0 0 1 1
1 1 0 0 0 0 0 0
0 0 0 0 0 0 0 0
1 1 1 1 1 1 1 1

7 8
1 0 0 1 1 1 0 0
0 0 1 0 0 0 1 1
0 0 1 0 0 0 1 1
0 0 1 1 1 0 0 0
0 0 0 0 0 0 0 0
0 1 1 1 0 0 0 0
1 1 1 1 1 1 0 0

7 7
1 1 1 0 1 1 1
1 1 1 0 1 1 1
1 1 1 0 1 1 1
0 0 0 0 0 0 0
1 1 1 0 1 1 1
1 1 1 0 1 1 1
1 1 1 0 1 1 1

10 8
0 0 1 1 1 1 1 0
1 1 1 1 1 1 0 1
0 0 0 1 0 1 0 0
1 1 0 1 1 0 1 1
0 0 1 1 0 1 1 0
0 1 0 0 0 0 0 0
1 1 1 1 0 0 1 0
1 0 0 1 1 1 0 0
1 1 0 0 0 1 1 1
1 1 1 0 0 1 0 1

4 10
0 0 1 0 0 0 0 1 0 1
0 0 0 0 0 0 1 0 0 1
0 0 0 0 0 0 0 0 0 0
0 1 1 0 0 1 0 0 0 0

3 10
1 1 0 0 0 0 0 0 1 1
1 0 0 0 0 1 0 0 0 1
0 0 1 0 0 0 1 0 1 1

9 5
0 1 1 1 1
1 0 0 1 0
0 0 0 1 0
1 1 0 0 1
1 1 0 1 1
1 0 0 0 1
1 0 1 1 0
0 0 1 0 0
0 0 0 0 0

8 8
0 0 0 0 0 1 0 1
0 1 0 1 0 1 1 0
1 1 1 1 1 1 0 0
0 0 1 0 0 1 0 0
1 1 0 0 0 1 1 0
0 0 0 1 1 1 1 1
0 1 1 0 0 1 1 0
0 0 1 0 1 0 0 1

10 5
0 1 0 0 0
1 1 1 0 0
1 0 1 1 1
0 1 1 1 0
1 0 0 0 1
1 1 1 0 1
0 0 0 0 1
0 0 0 1 0
0 0 0 1 1
0 0 0 0 0

9 3
0 1 1
0 0 1
1 0 0
1 0 0
0 1 0
0 0 1
1 0 0
0 1 0
0 1 0

10 6
0 0 0 1 0 0
0 0 0 1 0 0
0 1 0 0 0 1
0 0 0 0 0 0
1 1 0 1 1 0
1 0 0 0 1 0
1 1 0 0 1 0
0 0 0 0 1 1
0 0 0 0 0 0
0 1 0 0 0 0

4 9
0 0 1 1 1 0 0 1 0
1 0 0 1 0 0 0 1 0
0 0 1 0 0 1 0 1 0
1 0 0 0 0 0 0 1 0

4 9
0 0 1 1 1 0 0 1 0
1 0 0 1 0 0 0 1 0
0 0 1 0 0 1 0 1 0
1 0 0 0 0 0 0 1 0

10 10
1 1 1 1 1 1 1 1 1 1
0 0 0 0 0 0 0 0 0 0
0 0 0 0 0 0 0 0 0 0
0 0 0 0 0 0 0 0 0 0
0 0 0 0 0 0 0 0 0 0
0 0 0 0 0 0 0 0 0 0
0 0 0 0 0 0 0 0 0 0
0 0 0 0 0 0 0 0 0 0
0 0 0 0 0 0 0 0 0 0
1 0 1 0 1 0 1 0 1 0